STARTCHAR space
ENCODING 32
SWIDTH 505 0
DWIDTH 10 0
BBX 10 20 0 -3
BITMAP
0000
0000
0000
0000
0000
0000
0000
0000
0000
0000
0000
0000
0000
0000
0000
0000
0000
0000
0000
0000
ENDCHAR
STARTCHAR !
ENCODING 33
SWIDTH 505 0
DWIDTH 10 0
BBX 10 20 0 -3
BITMAP
0000
0000
0800
1c00
1c00
1c00
0800
0800
0800
0800
0800
0800
0000
0000
0800
1c00
0800
0000
0000
0000
ENDCHAR
STARTCHAR "
ENCODING 34
SWIDTH 505 0
DWIDTH 10 0
BBX 10 20 0 -3
BITMAP
0000
0000
3600
3600
1200
2400
4800
0000
0000
0000
0000
0000
0000
0000
0000
0000
0000
0000
0000
0000
ENDCHAR
STARTCHAR #
ENCODING 35
SWIDTH 505 0
DWIDTH 10 0
BBX 10 20 0 -3
BITMAP
0000
0000
1100
1100
1100
1100
1100
7f80
2200
2200
2200
2200
ff00
4400
4400
4400
4400
4400
0000
0000
ENDCHAR
STARTCHAR $
ENCODING 36
SWIDTH 505 0
DWIDTH 10 0
BBX 10 20 0 -3
BITMAP
0000
0800
0800
3e00
4900
8880
8980
8800
6800
1c00
0b00
0880
c880
8880
4900
3e00
0800
0800
0000
0000
ENDCHAR
STARTCHAR %
ENCODING 37
SWIDTH 505 0
DWIDTH 10 0
BBX 10 20 0 -3
BITMAP
0000
0000
3080
4880
4900
4900
4a00
4a00
3400
0400
0800
0b00
1480
1480
2480
2480
4480
4300
0000
0000
ENDCHAR
STARTCHAR &
ENCODING 38
SWIDTH 505 0
DWIDTH 10 0
BBX 10 20 0 -3
BITMAP
0000
0000
0000
3c00
4200
4200
4400
2400
2800
11c0
2880
4880
8500
8500
8200
4640
3980
0000
0000
0000
ENDCHAR
STARTCHAR '
ENCODING 39
SWIDTH 505 0
DWIDTH 10 0
BBX 10 20 0 -3
BITMAP
0000
0000
1800
1800
0800
0800
1000
2000
0000
0000
0000
0000
0000
0000
0000
0000
0000
0000
0000
0000
ENDCHAR
STARTCHAR (
ENCODING 40
SWIDTH 505 0
DWIDTH 10 0
BBX 10 20 0 -3
BITMAP
0000
0100
0200
0400
0400
0800
0800
1800
1000
1000
1000
1000
1800
0800
0800
0400
0400
0200
0100
0000
ENDCHAR
STARTCHAR )
ENCODING 41
SWIDTH 505 0
DWIDTH 10 0
BBX 10 20 0 -3
BITMAP
0000
4000
2000
1000
1000
0800
0800
0c00
0400
0400
0400
0400
0c00
0800
0800
1000
1000
2000
4000
0000
ENDCHAR
STARTCHAR *
ENCODING 42
SWIDTH 505 0
DWIDTH 10 0
BBX 10 20 0 -3
BITMAP
0000
0000
0000
0000
0000
0800
4900
6b00
1c00
0800
1c00
6b00
4900
0800
0000
0000
0000
0000
0000
0000
ENDCHAR
STARTCHAR +
ENCODING 43
SWIDTH 505 0
DWIDTH 10 0
BBX 10 20 0 -3
BITMAP
0000
0000
0000
0000
0000
0800
0800
0800
0800
ff80
0800
0800
0800
0800
0000
0000
0000
0000
0000
0000
ENDCHAR
STARTCHAR ,
ENCODING 44
SWIDTH 505 0
DWIDTH 10 0
BBX 10 20 0 -3
BITMAP
0000
0000
0000
0000
0000
0000
0000
0000
0000
0000
0000
0000
0000
0000
1800
1800
0800
0800
1000
2000
ENDCHAR
STARTCHAR -
ENCODING 45
SWIDTH 505 0
DWIDTH 10 0
BBX 10 20 0 -3
BITMAP
0000
0000
0000
0000
0000
0000
0000
0000
0000
7f80
0000
0000
0000
0000
0000
0000
0000
0000
0000
0000
ENDCHAR
STARTCHAR .
ENCODING 46
SWIDTH 505 0
DWIDTH 10 0
BBX 10 20 0 -3
BITMAP
0000
0000
0000
0000
0000
0000
0000
0000
0000
0000
0000
0000
0000
0000
1000
3800
1000
0000
0000
0000
ENDCHAR
STARTCHAR /
ENCODING 47
SWIDTH 505 0
DWIDTH 10 0
BBX 10 20 0 -3
BITMAP
0000
0080
0080
0100
0100
0200
0200
0400
0400
0800
0800
0800
1000
1000
2000
2000
4000
4000
8000
8000
ENDCHAR
STARTCHAR 0
ENCODING 48
SWIDTH 505 0
DWIDTH 10 0
BBX 10 20 0 -3
BITMAP
0000
0000
0000
0c00
1200
2100
2100
4080
4080
4080
4080
4080
4080
2100
2100
1200
0c00
0000
0000
0000
ENDCHAR
STARTCHAR 1
ENCODING 49
SWIDTH 505 0
DWIDTH 10 0
BBX 10 20 0 -3
BITMAP
0000
0000
0000
0400
0c00
3400
0400
0400
0400
0400
0400
0400
0400
0400
0400
0400
1f00
0000
0000
0000
ENDCHAR
STARTCHAR 2
ENCODING 50
SWIDTH 505 0
DWIDTH 10 0
BBX 10 20 0 -3
BITMAP
0000
0000
0000
1e00
2100
4080
4080
0080
0100
0100
0200
0400
0800
1080
2080
4100
7f00
0000
0000
0000
ENDCHAR
STARTCHAR 3
ENCODING 51
SWIDTH 505 0
DWIDTH 10 0
BBX 10 20 0 -3
BITMAP
0000
0000
0000
1e00
2100
4080
4080
0080
0100
0e00
0100
0080
0080
4080
4080
2100
1e00
0000
0000
0000
ENDCHAR
STARTCHAR 4
ENCODING 52
SWIDTH 505 0
DWIDTH 10 0
BBX 10 20 0 -3
BITMAP
0000
0000
0000
0600
0600
0a00
0a00
1200
1200
2200
2200
4200
7f80
0200
0200
0200
0f80
0000
0000
0000
ENDCHAR
STARTCHAR 5
ENCODING 53
SWIDTH 505 0
DWIDTH 10 0
BBX 10 20 0 -3
BITMAP
0000
0000
0000
3f80
2000
2000
2000
2000
2e00
3100
0080
0080
0080
4080
4080
2100
1e00
0000
0000
0000
ENDCHAR
STARTCHAR 6
ENCODING 54
SWIDTH 505 0
DWIDTH 10 0
BBX 10 20 0 -3
BITMAP
0000
0000
0000
1e00
2100
4080
4000
4000
4e00
5100
6080
4080
4080
4080
4080
2100
1e00
0000
0000
0000
ENDCHAR
STARTCHAR 7
ENCODING 55
SWIDTH 505 0
DWIDTH 10 0
BBX 10 20 0 -3
BITMAP
0000
0000
0000
3f80
2080
4100
4200
0200
0400
0400
0400
0400
0800
0800
0800
0800
0800
0000
0000
0000
ENDCHAR
STARTCHAR 8
ENCODING 56
SWIDTH 505 0
DWIDTH 10 0
BBX 10 20 0 -3
BITMAP
0000
0000
0000
1e00
2100
4080
4080
4080
2100
1e00
2100
4080
4080
4080
4080
2100
1e00
0000
0000
0000
ENDCHAR
STARTCHAR 9
ENCODING 57
SWIDTH 505 0
DWIDTH 10 0
BBX 10 20 0 -3
BITMAP
0000
0000
0000
1e00
2100
4080
4080
4080
4080
4080
2180
1e80
0080
0080
4080
2100
1e00
0000
0000
0000
ENDCHAR
STARTCHAR :
ENCODING 58
SWIDTH 505 0
DWIDTH 10 0
BBX 10 20 0 -3
BITMAP
0000
0000
0000
0000
0000
0000
0800
1c00
0800
0000
0000
0000
0000
0000
0800
1c00
0800
0000
0000
0000
ENDCHAR
STARTCHAR ;
ENCODING 59
SWIDTH 505 0
DWIDTH 10 0
BBX 10 20 0 -3
BITMAP
0000
0000
0000
0000
0000
0000
0800
1c00
0800
0000
0000
0000
0000
0000
0c00
0c00
0400
0400
0800
1000
ENDCHAR
STARTCHAR <
ENCODING 60
SWIDTH 505 0
DWIDTH 10 0
BBX 10 20 0 -3
BITMAP
0000
0000
0000
0000
0100
0200
0400
0800
1000
2000
4000
2000
1000
0800
0400
0200
0100
0000
0000
0000
ENDCHAR
STARTCHAR =
ENCODING 61
SWIDTH 505 0
DWIDTH 10 0
BBX 10 20 0 -3
BITMAP
0000
0000
0000
0000
0000
0000
0000
0000
7f80
0000
0000
0000
7f80
0000
0000
0000
0000
0000
0000
0000
ENDCHAR
STARTCHAR >
ENCODING 62
SWIDTH 505 0
DWIDTH 10 0
BBX 10 20 0 -3
BITMAP
0000
0000
0000
0000
4000
2000
1000
0800
0400
0200
0100
0200
0400
0800
1000
2000
4000
0000
0000
0000
ENDCHAR
STARTCHAR ?
ENCODING 63
SWIDTH 505 0
DWIDTH 10 0
BBX 10 20 0 -3
BITMAP
0000
0000
0000
3e00
4100
8080
8080
4080
0100
0200
0c00
0800
0800
0000
0800
1c00
0800
0000
0000
0000
ENDCHAR
STARTCHAR @
ENCODING 64
SWIDTH 505 0
DWIDTH 10 0
BBX 10 20 0 -3
BITMAP
0000
0000
1e00
2100
4100
4080
8c80
9480
a480
a480
a480
a480
a480
9b00
8000
4080
2100
1e00
0000
0000
ENDCHAR
STARTCHAR A
ENCODING 65
SWIDTH 505 0
DWIDTH 10 0
BBX 10 20 0 -3
BITMAP
0000
0000
0000
0c00
0c00
1400
1600
1200
1200
2300
2100
2100
3f00
4180
4080
4080
e3c0
0000
0000
0000
ENDCHAR
STARTCHAR B
ENCODING 66
SWIDTH 505 0
DWIDTH 10 0
BBX 10 20 0 -3
BITMAP
0000
0000
0000
fe00
4100
4080
4080
4080
4100
7e00
4100
4080
4080
4080
4080
4100
fe00
0000
0000
0000
ENDCHAR
STARTCHAR C
ENCODING 67
SWIDTH 505 0
DWIDTH 10 0
BBX 10 20 0 -3
BITMAP
0000
0000
0000
1c80
2280
4180
4080
8080
8000
8000
8000
8000
8000
4000
4080
2100
1e00
0000
0000
0000
ENDCHAR
STARTCHAR D
ENCODING 68
SWIDTH 505 0
DWIDTH 10 0
BBX 10 20 0 -3
BITMAP
0000
0000
0000
fc00
4200
4100
4100
4080
4080
4080
4080
4080
4080
4100
4100
4200
fc00
0000
0000
0000
ENDCHAR
STARTCHAR E
ENCODING 69
SWIDTH 505 0
DWIDTH 10 0
BBX 10 20 0 -3
BITMAP
0000
0000
0000
ff80
4080
4080
4080
4200
4200
7e00
4200
4200
4000
4080
4080
4080
ff80
0000
0000
0000
ENDCHAR
STARTCHAR F
ENCODING 70
SWIDTH 505 0
DWIDTH 10 0
BBX 10 20 0 -3
BITMAP
0000
0000
0000
ff80
4080
4080
4080
4400
4400
7c00
4400
4400
4000
4000
4000
4000
f000
0000
0000
0000
ENDCHAR
STARTCHAR G
ENCODING 71
SWIDTH 505 0
DWIDTH 10 0
BBX 10 20 0 -3
BITMAP
0000
0000
0000
1c80
2280
4180
4080
8080
8000
8000
8780
8080
8080
4080
4180
2280
1c80
0000
0000
0000
ENDCHAR
STARTCHAR H
ENCODING 72
SWIDTH 505 0
DWIDTH 10 0
BBX 10 20 0 -3
BITMAP
0000
0000
0000
f3c0
4080
4080
4080
4080
4080
7f80
4080
4080
4080
4080
4080
4080
f3c0
0000
0000
0000
ENDCHAR
STARTCHAR I
ENCODING 73
SWIDTH 505 0
DWIDTH 10 0
BBX 10 20 0 -3
BITMAP
0000
0000
0000
3e00
0800
0800
0800
0800
0800
0800
0800
0800
0800
0800
0800
0800
3e00
0000
0000
0000
ENDCHAR
STARTCHAR J
ENCODING 74
SWIDTH 505 0
DWIDTH 10 0
BBX 10 20 0 -3
BITMAP
0000
0000
0000
07c0
0100
0100
0100
0100
0100
0100
0100
0100
c100
8100
8100
4200
3c00
0000
0000
0000
ENDCHAR
STARTCHAR K
ENCODING 75
SWIDTH 505 0
DWIDTH 10 0
BBX 10 20 0 -3
BITMAP
0000
0000
0000
f3c0
4100
4200
4400
4800
5000
7000
5000
4800
4400
4200
4100
4080
f3c0
0000
0000
0000
ENDCHAR
STARTCHAR L
ENCODING 76
SWIDTH 505 0
DWIDTH 10 0
BBX 10 20 0 -3
BITMAP
0000
0000
0000
f800
2000
2000
2000
2000
2000
2000
2000
2000
2000
2080
2080
2080
7f80
0000
0000
0000
ENDCHAR
STARTCHAR M
ENCODING 77
SWIDTH 505 0
DWIDTH 10 0
BBX 10 20 0 -3
BITMAP
0000
0000
0000
c0c0
4080
4180
6180
6280
6280
5480
5480
5480
4880
4880
4880
4080
e3c0
0000
0000
0000
ENDCHAR
STARTCHAR N
ENCODING 78
SWIDTH 505 0
DWIDTH 10 0
BBX 10 20 0 -3
BITMAP
0000
0000
0000
c1c0
6080
6080
5080
5080
4880
4880
4480
4480
4280
4280
4180
4180
e080
0000
0000
0000
ENDCHAR
STARTCHAR O
ENCODING 79
SWIDTH 505 0
DWIDTH 10 0
BBX 10 20 0 -3
BITMAP
0000
0000
0000
3e00
4100
4100
8080
8080
8080
8080
8080
8080
8080
8080
4100
4100
3e00
0000
0000
0000
ENDCHAR
STARTCHAR P
ENCODING 80
SWIDTH 505 0
DWIDTH 10 0
BBX 10 20 0 -3
BITMAP
0000
0000
0000
fe00
4100
4080
4080
4080
4080
4100
7e00
4000
4000
4000
4000
4000
f000
0000
0000
0000
ENDCHAR
STARTCHAR Q
ENCODING 81
SWIDTH 505 0
DWIDTH 10 0
BBX 10 20 0 -3
BITMAP
0000
0000
0000
3e00
4100
4100
8080
8080
8080
8080
8080
8080
8080
9880
6500
4300
3e00
0240
0180
0000
ENDCHAR
STARTCHAR R
ENCODING 82
SWIDTH 505 0
DWIDTH 10 0
BBX 10 20 0 -3
BITMAP
0000
0000
0000
fe00
4100
4080
4080
4080
4100
7e00
4800
4400
4200
4200
4100
4080
f3c0
0000
0000
0000
ENDCHAR
STARTCHAR S
ENCODING 83
SWIDTH 505 0
DWIDTH 10 0
BBX 10 20 0 -3
BITMAP
0000
0000
0000
1d00
2300
4080
4080
4000
3000
0c00
0300
0080
4080
4080
6080
5100
4e00
0000
0000
0000
ENDCHAR
STARTCHAR T
ENCODING 84
SWIDTH 505 0
DWIDTH 10 0
BBX 10 20 0 -3
BITMAP
0000
0000
0000
ff80
8880
8880
8880
0800
0800
0800
0800
0800
0800
0800
0800
0800
3e00
0000
0000
0000
ENDCHAR
STARTCHAR U
ENCODING 85
SWIDTH 505 0
DWIDTH 10 0
BBX 10 20 0 -3
BITMAP
0000
0000
0000
f1c0
4080
4080
4080
4080
4080
4080
4080
4080
4080
4080
4080
2100
1e00
0000
0000
0000
ENDCHAR
STARTCHAR V
ENCODING 86
SWIDTH 505 0
DWIDTH 10 0
BBX 10 20 0 -3
BITMAP
0000
0000
0000
f1c0
4080
4080
6100
2100
2100
3100
1200
1a00
0a00
0c00
0c00
0400
0400
0000
0000
0000
ENDCHAR
STARTCHAR W
ENCODING 87
SWIDTH 505 0
DWIDTH 10 0
BBX 10 20 0 -3
BITMAP
0000
0000
0000
e380
4100
4900
4900
4900
4900
5d00
5500
5500
7700
2200
2200
2200
2200
0000
0000
0000
ENDCHAR
STARTCHAR X
ENCODING 88
SWIDTH 505 0
DWIDTH 10 0
BBX 10 20 0 -3
BITMAP
0000
0000
0000
f3c0
4080
2100
2200
1200
1c00
0800
0c00
1400
1200
2100
2100
4080
f3c0
0000
0000
0000
ENDCHAR
STARTCHAR Y
ENCODING 89
SWIDTH 505 0
DWIDTH 10 0
BBX 10 20 0 -3
BITMAP
0000
0000
0000
f380
4100
4100
2200
2200
1400
1400
0800
0800
0800
0800
0800
0800
3e00
0000
0000
0000
ENDCHAR
STARTCHAR Z
ENCODING 90
SWIDTH 505 0
DWIDTH 10 0
BBX 10 20 0 -3
BITMAP
0000
0000
0000
7f80
4100
4200
4200
0400
0400
0800
0800
1000
1000
2080
2080
4080
ff80
0000
0000
0000
ENDCHAR
STARTCHAR [
ENCODING 91
SWIDTH 505 0
DWIDTH 10 0
BBX 10 20 0 -3
BITMAP
0000
0000
1f00
1000
1000
1000
1000
1000
1000
1000
1000
1000
1000
1000
1000
1000
1000
1f00
0000
0000
ENDCHAR
STARTCHAR \
ENCODING 92
SWIDTH 505 0
DWIDTH 10 0
BBX 10 20 0 -3
BITMAP
0000
8000
8000
4000
4000
2000
2000
1000
1000
0800
0800
0800
0400
0400
0200
0200
0100
0100
0080
0080
ENDCHAR
STARTCHAR ]
ENCODING 93
SWIDTH 505 0
DWIDTH 10 0
BBX 10 20 0 -3
BITMAP
0000
0000
3e00
0200
0200
0200
0200
0200
0200
0200
0200
0200
0200
0200
0200
0200
0200
3e00
0000
0000
ENDCHAR
STARTCHAR ^
ENCODING 94
SWIDTH 505 0
DWIDTH 10 0
BBX 10 20 0 -3
BITMAP
0000
0000
0800
1400
2200
4100
0000
0000
0000
0000
0000
0000
0000
0000
0000
0000
0000
0000
0000
0000
ENDCHAR
STARTCHAR _
ENCODING 95
SWIDTH 505 0
DWIDTH 10 0
BBX 10 20 0 -3
BITMAP
0000
0000
0000
0000
0000
0000
0000
0000
0000
0000
0000
0000
0000
0000
0000
0000
0000
ff80
0000
0000
ENDCHAR
STARTCHAR `
ENCODING 96
SWIDTH 505 0
DWIDTH 10 0
BBX 10 20 0 -3
BITMAP
0000
0000
1800
0c00
0200
0000
0000
0000
0000
0000
0000
0000
0000
0000
0000
0000
0000
0000
0000
0000
ENDCHAR
STARTCHAR a
ENCODING 97
SWIDTH 505 0
DWIDTH 10 0
BBX 10 20 0 -3
BITMAP
0000
0000
0000
0000
0000
0000
0000
1f00
2080
6080
0080
0f80
3080
4080
4080
4180
3ec0
0000
0000
0000
ENDCHAR
STARTCHAR b
ENCODING 98
SWIDTH 505 0
DWIDTH 10 0
BBX 10 20 0 -3
BITMAP
0000
0000
0000
e000
2000
2000
2000
2e00
3100
2080
2080
2080
2080
2080
2080
3100
2e00
0000
0000
0000
ENDCHAR
STARTCHAR c
ENCODING 99
SWIDTH 505 0
DWIDTH 10 0
BBX 10 20 0 -3
BITMAP
0000
0000
0000
0000
0000
0000
0000
1e00
2100
4180
4000
4000
4000
4000
4080
2100
1e00
0000
0000
0000
ENDCHAR
STARTCHAR d
ENCODING 100
SWIDTH 505 0
DWIDTH 10 0
BBX 10 20 0 -3
BITMAP
0000
0000
0000
0700
0100
0100
0100
1d00
2300
4100
4100
4100
4100
4100
4100
2300
1d80
0000
0000
0000
ENDCHAR
STARTCHAR e
ENCODING 101
SWIDTH 505 0
DWIDTH 10 0
BBX 10 20 0 -3
BITMAP
0000
0000
0000
0000
0000
0000
0000
1e00
2100
4080
4080
7f80
4000
4000
4080
2100
1e00
0000
0000
0000
ENDCHAR
STARTCHAR f
ENCODING 102
SWIDTH 505 0
DWIDTH 10 0
BBX 10 20 0 -3
BITMAP
0000
0000
0000
0f00
1080
1180
1000
7e00
1000
1000
1000
1000
1000
1000
1000
1000
7c00
0000
0000
0000
ENDCHAR
STARTCHAR g
ENCODING 103
SWIDTH 505 0
DWIDTH 10 0
BBX 10 20 0 -3
BITMAP
0000
0000
0000
0000
0000
0000
0080
3d80
4200
4200
4200
4200
3c00
4000
2000
5f00
8080
8080
8080
7f00
ENDCHAR
STARTCHAR h
ENCODING 104
SWIDTH 505 0
DWIDTH 10 0
BBX 10 20 0 -3
BITMAP
0000
0000
0000
e000
2000
2000
2000
2f00
3080
2080
2080
2080
2080
2080
2080
2080
f3c0
0000
0000
0000
ENDCHAR
STARTCHAR i
ENCODING 105
SWIDTH 505 0
DWIDTH 10 0
BBX 10 20 0 -3
BITMAP
0000
0000
0000
0c00
0c00
0000
0000
3c00
0400
0400
0400
0400
0400
0400
0400
0400
7f80
0000
0000
0000
ENDCHAR
STARTCHAR j
ENCODING 106
SWIDTH 505 0
DWIDTH 10 0
BBX 10 20 0 -3
BITMAP
0000
0000
0000
0180
0180
0000
0000
0f80
0080
0080
0080
0080
0080
0080
0080
0080
0080
6080
4100
3e00
ENDCHAR
STARTCHAR k
ENCODING 107
SWIDTH 505 0
DWIDTH 10 0
BBX 10 20 0 -3
BITMAP
0000
0000
0000
e000
2000
2000
2000
2780
2200
2400
2800
3000
2800
2400
2200
2100
f780
0000
0000
0000
ENDCHAR
STARTCHAR l
ENCODING 108
SWIDTH 505 0
DWIDTH 10 0
BBX 10 20 0 -3
BITMAP
0000
0000
0000
3c00
0400
0400
0400
0400
0400
0400
0400
0400
0400
0400
0400
0400
7f80
0000
0000
0000
ENDCHAR
STARTCHAR m
ENCODING 109
SWIDTH 505 0
DWIDTH 10 0
BBX 10 20 0 -3
BITMAP
0000
0000
0000
0000
0000
0000
0000
db00
2480
2480
2480
2480
2480
2480
2480
2480
64c0
0000
0000
0000
ENDCHAR
STARTCHAR n
ENCODING 110
SWIDTH 505 0
DWIDTH 10 0
BBX 10 20 0 -3
BITMAP
0000
0000
0000
0000
0000
0000
0000
ef00
3080
2080
2080
2080
2080
2080
2080
2080
71c0
0000
0000
0000
ENDCHAR
STARTCHAR o
ENCODING 111
SWIDTH 505 0
DWIDTH 10 0
BBX 10 20 0 -3
BITMAP
0000
0000
0000
0000
0000
0000
0000
1e00
2100
4080
4080
4080
4080
4080
4080
2100
1e00
0000
0000
0000
ENDCHAR
STARTCHAR p
ENCODING 112
SWIDTH 505 0
DWIDTH 10 0
BBX 10 20 0 -3
BITMAP
0000
0000
0000
0000
0000
0000
0000
ee00
3100
2080
2080
2080
2080
2080
3100
2e00
2000
2000
2000
7000
ENDCHAR
STARTCHAR q
ENCODING 113
SWIDTH 505 0
DWIDTH 10 0
BBX 10 20 0 -3
BITMAP
0000
0000
0000
0000
0000
0000
0000
1d00
2300
4100
4100
4100
4100
4100
2300
1d00
0100
0100
0100
0380
ENDCHAR
STARTCHAR r
ENCODING 114
SWIDTH 505 0
DWIDTH 10 0
BBX 10 20 0 -3
BITMAP
0000
0000
0000
0000
0000
0000
0000
7700
1880
1180
1000
1000
1000
1000
1000
1000
7c00
0000
0000
0000
ENDCHAR
STARTCHAR s
ENCODING 115
SWIDTH 505 0
DWIDTH 10 0
BBX 10 20 0 -3
BITMAP
0000
0000
0000
0000
0000
0000
0000
3e80
4180
4080
6000
1c00
0300
4080
4080
6080
5f00
0000
0000
0000
ENDCHAR
STARTCHAR t
ENCODING 116
SWIDTH 505 0
DWIDTH 10 0
BBX 10 20 0 -3
BITMAP
0000
0000
0000
0800
0800
0800
0800
7f00
0800
0800
0800
0800
0800
0800
0880
0880
0700
0000
0000
0000
ENDCHAR
STARTCHAR u
ENCODING 117
SWIDTH 505 0
DWIDTH 10 0
BBX 10 20 0 -3
BITMAP
0000
0000
0000
0000
0000
0000
0000
e380
2080
2080
2080
2080
2080
2080
2080
2180
1ec0
0000
0000
0000
ENDCHAR
STARTCHAR v
ENCODING 118
SWIDTH 505 0
DWIDTH 10 0
BBX 10 20 0 -3
BITMAP
0000
0000
0000
0000
0000
0000
0000
f3c0
2080
2080
1100
1100
1100
0a00
0e00
0400
0400
0000
0000
0000
ENDCHAR
STARTCHAR w
ENCODING 119
SWIDTH 505 0
DWIDTH 10 0
BBX 10 20 0 -3
BITMAP
0000
0000
0000
0000
0000
0000
0000
e780
4100
4900
4900
4900
5d00
5500
5500
2200
2200
0000
0000
0000
ENDCHAR
STARTCHAR x
ENCODING 120
SWIDTH 505 0
DWIDTH 10 0
BBX 10 20 0 -3
BITMAP
0000
0000
0000
0000
0000
0000
0000
f780
2200
2200
1400
0800
0800
1400
2200
2200
f780
0000
0000
0000
ENDCHAR
STARTCHAR y
ENCODING 121
SWIDTH 505 0
DWIDTH 10 0
BBX 10 20 0 -3
BITMAP
0000
0000
0000
0000
0000
0000
0000
f1c0
2080
2080
2100
1100
1200
0a00
0a00
0400
0400
c800
8800
7000
ENDCHAR
STARTCHAR z
ENCODING 122
SWIDTH 505 0
DWIDTH 10 0
BBX 10 20 0 -3
BITMAP
0000
0000
0000
0000
0000
0000
0000
7f80
4100
4200
0200
0400
0800
0800
1080
2080
7f80
0000
0000
0000
ENDCHAR
STARTCHAR {
ENCODING 123
SWIDTH 505 0
DWIDTH 10 0
BBX 10 20 0 -3
BITMAP
0200
0400
0400
0800
0800
0800
0800
0800
0800
3000
0800
0800
0800
0800
0800
0800
0400
0400
0200
0000
ENDCHAR
STARTCHAR bar
ENCODING 124
SWIDTH 505 0
DWIDTH 10 0
BBX 10 20 0 -3
BITMAP
0800
0800
0800
0800
0800
0800
0800
0800
0800
0800
0800
0800
0800
0800
0800
0800
0800
0800
0800
0800
ENDCHAR
STARTCHAR }
ENCODING 125
SWIDTH 505 0
DWIDTH 10 0
BBX 10 20 0 -3
BITMAP
1000
0800
0800
0400
0400
0400
0400
0400
0400
0300
0400
0400
0400
0400
0400
0400
0800
0800
1000
0000
ENDCHAR
STARTCHAR ~
ENCODING 126
SWIDTH 505 0
DWIDTH 10 0
BBX 10 20 0 -3
BITMAP
0000
3000
4c80
0300
0000
0000
0000
0000
0000
0000
0000
0000
0000
0000
0000
0000
0000
0000
0000
0000
ENDCHAR
